japName,total,success,unsuccess
image_0002.jpg,590,33,557
image_0005.jpg,571,35,536
image_0004.jpg,581,30,551
image_0008.jpg,563,29,534
image_0007.jpg,605,36,569
image_0009.jpg,583,30,553
image_0003.jpg,574,29,545
image_0001.jpg,622,38,584
image_0011.jpg,576,27,549
image_0010.jpg,603,34,569
image_0017.jpg,609,29,580
image_0016.jpg,605,34,571
image_0014.jpg,600,38,562
image_0013.jpg,613,31,582
image_0021.jpg,599,33,566
image_0019.jpg,576,33,543
image_0024.jpg,608,33,575
image_0023.jpg,547,25,522
image_0025.jpg,574,31,543
image_0018.jpg,603,28,575
image_0012.jpg,597,31,566
image_0028.jpg,613,28,585
image_0027.jpg,590,30,560
image_0030.jpg,597,31,566
image_0032.jpg,585,29,556
image_0031.jpg,561,34,527
image_0029.jpg,593,35,558
image_0026.jpg,623,26,597
image_0034.jpg,581,29,552
image_0033.jpg,556,30,526
image_0040.jpg,524,26,498
image_0039.jpg,535,29,506
image_0038.jpg,534,27,507
image_0037.jpg,541,33,508
image_0036.jpg,538,30,508
image_0045.jpg,475,22,453
image_0043.jpg,484,26,458
image_0042.jpg,458,27,431
image_0048.jpg,427,29,398
image_0047.jpg,422,25,397
image_0050.jpg,369,21,348
image_0049.jpg,436,27,409
image_0041.jpg,519,30,489
image_0035.jpg,544,30,514
image_0055.jpg,387,23,364
image_0054.jpg,368,22,346
image_0053.jpg,402,25,377
image_0006.jpg,597,34,563
image_0015.jpg,561,34,527
image_0020.jpg,596,30,566
image_0022.jpg,571,31,540
image_0044.jpg,474,26,448
image_0046.jpg,445,25,420
image_0052.jpg,413,24,389
image_0051.jpg,409,22,387
image_0061.jpg,321,19,302
image_0060.jpg,341,20,321
image_0059.jpg,358,22,336
image_0058.jpg,354,21,333
image_0057.jpg,372,26,346
image_0065.jpg,248,14,234
image_0064.jpg,299,20,279
image_0063.jpg,315,19,296
image_0069.jpg,208,12,196
image_0068.jpg,223,12,211
image_0067.jpg,246,14,232
image_0072.jpg,206,13,193
image_0071.jpg,173,10,163
image_0070.jpg,198,12,186
image_0066.jpg,240,13,227
image_0062.jpg,323,22,301
image_0056.jpg,366,21,345
image_0075.jpg,178,9,169
image_0074.jpg,185,11,174
image_0078.jpg,173,12,161
image_0077.jpg,179,11,168
image_0076.jpg,182,11,171
image_0073.jpg,196,11,185
image_0081.jpg,171,10,161
image_0080.jpg,161,10,151
image_0083.jpg,146,8,138
image_0082.jpg,138,8,130
image_0079.jpg,152,11,141
image_0084.jpg,161,9,152
image_0091.jpg,90,3,87
image_0090.jpg,71,3,68
image_0089.jpg,91,3,88
image_0088.jpg,95,4,91
image_0087.jpg,107,5,102
image_0086.jpg,112,5,107
image_0097.jpg,85,3,82
image_0096.jpg,85,3,82
image_0095.jpg,91,3,88
image_0094.jpg,82,3,79
image_0093.jpg,82,3,79
image_0101.jpg,65,3,62
image_0100.jpg,72,2,70
image_0099.jpg,82,3,79
image_0104.jpg,71,3,68
image_0103.jpg,65,3,62
image_0106.jpg,71,3,68
image_0105.jpg,69,3,66
image_0102.jpg,69,3,66
image_0098.jpg,80,3,77
image_0092.jpg,91,3,88
image_0085.jpg,149,6,143
image_0112.jpg,64,1,63
image_0111.jpg,56,1,55
image_0110.jpg,69,2,67
image_0109.jpg,56,1,55
image_0108.jpg,56,2,54
image_0117.jpg,57,2,55
image_0116.jpg,63,2,61
image_0115.jpg,62,2,60
image_0114.jpg,70,1,69
image_0122.jpg,49,2,47
image_0121.jpg,64,2,62
image_0120.jpg,63,2,61
image_0119.jpg,48,2,46
image_0125.jpg,64,2,62
image_0124.jpg,57,2,55
image_0128.jpg,71,2,69
image_0127.jpg,58,2,56
image_0126.jpg,63,2,61
image_0123.jpg,64,2,62
image_0118.jpg,60,2,58
image_0113.jpg,83,2,81
image_0107.jpg,67,3,64
image_0131.jpg,53,1,52
image_0130.jpg,50,1,49
image_0134.jpg,57,1,56
image_0133.jpg,53,1,52
image_0132.jpg,52,1,51
image_0129.jpg,60,1,59
image_0136.jpg,48,1,47
image_0135.jpg,49,1,48
image_0142.jpg,54,1,53
image_0141.jpg,51,1,50
image_0140.jpg,57,1,56
image_0139.jpg,48,1,47
image_0138.jpg,49,1,48
image_0148.jpg,50,1,49
image_0147.jpg,44,1,43
image_0146.jpg,51,1,50
image_0145.jpg,50,1,49
image_0144.jpg,60,1,59
image_0153.jpg,49,1,48
image_0152.jpg,51,1,50
image_0151.jpg,48,1,47
image_0150.jpg,47,1,46
image_0158.jpg,55,1,54
image_0157.jpg,56,1,55
image_0156.jpg,48,0,48
image_0155.jpg,48,1,47
image_0161.jpg,41,1,40
image_0160.jpg,42,1,41
image_0164.jpg,50,1,49
image_0163.jpg,41,1,40
image_0167.jpg,44,0,44
image_0166.jpg,58,1,57
image_0165.jpg,44,1,43
image_0162.jpg,39,1,38
image_0159.jpg,48,1,47
image_0154.jpg,54,1,53
image_0149.jpg,49,1,48
image_0143.jpg,53,1,52
image_0137.jpg,60,1,59
image_0169.jpg,48,1,47
image_0168.jpg,40,1,39
image_0175.jpg,59,1,58
image_0174.jpg,53,1,52
image_0173.jpg,49,1,48
image_0172.jpg,45,1,44
image_0171.jpg,46,1,45
image_0181.jpg,53,1,52
image_0180.jpg,39,1,38
image_0179.jpg,52,1,51
image_0178.jpg,56,1,55
image_0177.jpg,56,1,55
image_0185.jpg,49,1,48
image_0184.jpg,43,1,42
image_0183.jpg,52,1,51
image_0189.jpg,57,1,56
image_0188.jpg,57,1,56
image_0187.jpg,56,1,55
image_0192.jpg,43,0,43
image_0191.jpg,57,1,56
image_0190.jpg,51,1,50
image_0186.jpg,49,1,48
image_0182.jpg,53,1,52
image_0176.jpg,60,1,59
image_0170.jpg,51,1,50
image_0195.jpg,54,1,53
image_0194.jpg,53,1,52
image_0193.jpg,53,1,52
image_0199.jpg,47,1,46
image_0198.jpg,63,0,63
image_0197.jpg,50,1,49
image_0202.jpg,45,0,45
image_0201.jpg,54,1,53
image_0200.jpg,57,1,56
image_0196.jpg,48,1,47
image_0208.jpg,40,1,39
image_0207.jpg,43,1,42
image_0206.jpg,36,0,36
image_0205.jpg,44,1,43
image_0204.jpg,40,0,40
image_0213.jpg,45,1,44
image_0212.jpg,43,1,42
image_0211.jpg,50,1,49
image_0210.jpg,34,0,34
image_0218.jpg,34,0,34
image_0217.jpg,46,1,45
image_0216.jpg,44,1,43
image_0215.jpg,43,0,43
image_0221.jpg,45,1,44
image_0220.jpg,35,1,34
image_0224.jpg,37,1,36
image_0223.jpg,47,1,46
image_0226.jpg,46,0,46
image_0225.jpg,44,0,44
image_0222.jpg,41,1,40
image_0219.jpg,47,1,46
image_0214.jpg,41,1,40
image_0209.jpg,50,1,49
image_0203.jpg,41,1,40
image_0230.jpg,43,1,42
image_0229.jpg,48,1,47
image_0228.jpg,48,1,47
image_0232.jpg,42,1,41
image_0231.jpg,40,1,39
image_0227.jpg,42,1,41
image_0235.jpg,37,1,36
image_0234.jpg,39,1,38
image_0233.jpg,45,1,44
image_0241.jpg,45,0,45
image_0240.jpg,42,0,42
image_0239.jpg,45,1,44
image_0238.jpg,45,1,44
image_0237.jpg,46,1,45
image_0246.jpg,40,0,40
image_0245.jpg,42,0,42
image_0244.jpg,37,0,37
image_0243.jpg,32,0,32
image_0249.jpg,35,0,35
image_0248.jpg,31,0,31
image_0252.jpg,39,0,39
image_0251.jpg,35,0,35
image_0255.jpg,41,0,41
image_0254.jpg,36,0,36
image_0253.jpg,45,0,45
image_0250.jpg,40,0,40
image_0247.jpg,38,0,38
image_0242.jpg,35,0,35
image_0236.jpg,48,1,47
image_0258.jpg,43,0,43
image_0257.jpg,44,0,44
image_0261.jpg,41,0,41
image_0260.jpg,31,0,31
image_0263.jpg,31,0,31
image_0262.jpg,30,0,30
image_0259.jpg,39,0,39
image_0256.jpg,43,0,43
image_0265.jpg,46,0,46
image_0264.jpg,36,0,36
image_0271.jpg,31,0,31
image_0270.jpg,31,0,31
image_0269.jpg,41,0,41
image_0268.jpg,38,0,38
image_0267.jpg,26,0,26
image_0276.jpg,35,0,35
image_0275.jpg,37,0,37
image_0274.jpg,39,0,39
image_0273.jpg,38,0,38
image_0281.jpg,34,0,34
image_0280.jpg,35,0,35
image_0279.jpg,38,0,38
image_0278.jpg,38,0,38
image_0285.jpg,28,0,28
image_0284.jpg,34,0,34
image_0283.jpg,35,0,35
image_0288.jpg,31,0,31
image_0287.jpg,23,0,23
image_0286.jpg,40,0,40
image_0282.jpg,33,0,33
image_0277.jpg,30,0,30
image_0272.jpg,31,0,31
image_0266.jpg,43,0,43
image_0291.jpg,36,0,36
image_0290.jpg,33,0,33
image_0294.jpg,37,0,37
image_0293.jpg,37,0,37
image_0297.jpg,37,0,37
image_0296.jpg,32,0,32
image_0295.jpg,39,0,39
image_0292.jpg,36,0,36
image_0289.jpg,45,0,45
image_0303.jpg,31,0,31
image_0302.jpg,37,0,37
image_0301.jpg,33,0,33
image_0300.jpg,30,0,30
image_0299.jpg,28,0,28
image_0308.jpg,34,0,34
image_0307.jpg,32,0,32
image_0306.jpg,32,0,32
image_0305.jpg,28,0,28
image_0304.jpg,39,0,39
image_0298.jpg,39,0,39
image_0313.jpg,27,0,27
image_0312.jpg,30,0,30
image_0311.jpg,26,0,26
image_0310.jpg,28,0,28
image_0316.jpg,25,0,25
image_0315.jpg,29,0,29
image_0319.jpg,31,0,31
image_0318.jpg,30,0,30
image_0321.jpg,30,0,30
image_0320.jpg,25,0,25
image_0317.jpg,31,0,31
image_0314.jpg,32,0,32
image_0309.jpg,32,0,32
image_0325.jpg,28,0,28
image_0324.jpg,28,0,28
image_0323.jpg,32,0,32
image_0327.jpg,30,0,30
image_0326.jpg,37,0,37
image_0322.jpg,28,0,28
image_0330.jpg,32,0,32
image_0329.jpg,34,0,34
image_0328.jpg,34,0,34
image_0336.jpg,42,0,42
image_0335.jpg,41,0,41
image_0334.jpg,38,0,38
image_0333.jpg,27,0,27
image_0332.jpg,32,0,32
image_0341.jpg,34,0,34
image_0340.jpg,38,0,38
image_0339.jpg,34,0,34
image_0338.jpg,38,0,38
image_0345.jpg,35,0,35
image_0344.jpg,43,0,43
image_0343.jpg,26,0,26
image_0349.jpg,36,0,36
image_0348.jpg,39,0,39
image_0347.jpg,42,0,42
image_0352.jpg,36,0,36
image_0351.jpg,41,0,41
image_0350.jpg,36,0,36
image_0346.jpg,42,0,42
image_0342.jpg,42,0,42
image_0337.jpg,34,0,34
image_0331.jpg,38,0,38
image_0355.jpg,40,0,40
image_0354.jpg,41,0,41
image_0357.jpg,42,0,42
image_0356.jpg,33,0,33
image_0353.jpg,39,0,39
image_0359.jpg,41,0,41
image_0358.jpg,36,0,36
image_0365.jpg,41,0,41
image_0364.jpg,46,0,46
image_0363.jpg,35,0,35
image_0362.jpg,45,0,45
image_0361.jpg,39,0,39
image_0371.jpg,39,0,39
image_0370.jpg,37,0,37
image_0369.jpg,38,0,38
image_0368.jpg,41,0,41
image_0367.jpg,37,0,37
image_0375.jpg,37,0,37
image_0374.jpg,42,0,42
image_0373.jpg,40,0,40
image_0379.jpg,39,0,39
image_0378.jpg,39,0,39
image_0377.jpg,47,0,47
image_0382.jpg,45,0,45
image_0381.jpg,27,0,27
image_0380.jpg,41,0,41
image_0376.jpg,38,0,38
image_0372.jpg,32,0,32
image_0366.jpg,35,0,35
image_0360.jpg,36,0,36
image_0388.jpg,32,0,32
image_0387.jpg,35,0,35
image_0386.jpg,38,0,38
image_0385.jpg,34,0,34
image_0384.jpg,38,0,38
image_0393.jpg,39,0,39
image_0392.jpg,40,0,40
image_0391.jpg,39,0,39
image_0390.jpg,34,0,34
image_0397.jpg,39,0,39
image_0396.jpg,36,0,36
image_0395.jpg,32,0,32
image_0400.jpg,39,0,39
image_0399.jpg,34,0,34
image_0402.jpg,36,0,36
image_0401.jpg,39,0,39
image_0398.jpg,36,0,36
image_0394.jpg,42,0,42
image_0389.jpg,39,0,39
image_0383.jpg,33,0,33
image_0405.jpg,33,0,33
image_0404.jpg,35,0,35
image_0408.jpg,31,0,31
image_0407.jpg,33,0,33
image_0410.jpg,39,0,39
image_0409.jpg,39,0,39
image_0406.jpg,30,0,30
image_0403.jpg,39,0,39
image_0412.jpg,37,0,37
image_0411.jpg,43,0,43
image_0417.jpg,38,0,38
image_0416.jpg,37,0,37
image_0415.jpg,39,0,39
image_0414.jpg,38,0,38
image_0423.jpg,45,0,45
image_0422.jpg,37,0,37
image_0421.jpg,33,0,33
image_0420.jpg,35,0,35
image_0419.jpg,25,0,25
image_0418.jpg,39,0,39
image_0413.jpg,31,0,31
image_0427.jpg,35,0,35
image_0426.jpg,40,0,40
image_0425.jpg,29,0,29
image_0431.jpg,38,0,38
image_0430.jpg,43,0,43
image_0429.jpg,36,0,36
image_0434.jpg,36,0,36
image_0433.jpg,36,0,36
image_0432.jpg,39,0,39
image_0428.jpg,35,0,35
image_0424.jpg,41,0,41
image_0437.jpg,25,0,25
image_0436.jpg,18,0,18
image_0439.jpg,24,0,24
image_0438.jpg,21,0,21
image_0435.jpg,27,0,27
image_0441.jpg,20,0,20
image_0440.jpg,29,0,29
image_0447.jpg,23,0,23
image_0446.jpg,20,0,20
image_0445.jpg,17,0,17
image_0444.jpg,19,0,19
image_0443.jpg,19,0,19
image_0453.jpg,23,0,23
image_0452.jpg,20,0,20
image_0451.jpg,22,0,22
image_0450.jpg,22,0,22
image_0449.jpg,18,0,18
image_0457.jpg,25,0,25
image_0456.jpg,27,0,27
image_0455.jpg,20,0,20
image_0461.jpg,27,0,27
image_0460.jpg,23,0,23
image_0459.jpg,25,0,25
image_0463.jpg,20,0,20
image_0462.jpg,22,0,22
image_0458.jpg,20,0,20
image_0454.jpg,20,0,20
image_0448.jpg,20,0,20
image_0442.jpg,18,0,18
image_0469.jpg,19,0,19
image_0468.jpg,18,0,18
image_0467.jpg,19,0,19
image_0466.jpg,15,0,15
image_0465.jpg,20,0,20
image_0475.jpg,20,0,20
image_0474.jpg,20,0,20
image_0473.jpg,18,0,18
image_0472.jpg,20,0,20
image_0471.jpg,20,0,20
image_0480.jpg,18,0,18
image_0479.jpg,18,0,18
image_0478.jpg,19,0,19
image_0477.jpg,18,0,18
image_0484.jpg,16,0,16
image_0483.jpg,17,0,17
image_0482.jpg,15,0,15
image_0486.jpg,16,0,16
image_0489.jpg,15,0,15
image_0488.jpg,17,0,17
image_0487.jpg,16,0,16
image_0485.jpg,15,0,15
image_0481.jpg,18,0,18
image_0476.jpg,20,0,20
image_0470.jpg,18,0,18
image_0464.jpg,18,0,18
image_0492.jpg,18,0,18
image_0491.jpg,20,0,20
image_0495.jpg,18,0,18
image_0494.jpg,19,0,19
image_0493.jpg,16,0,16
image_0490.jpg,18,0,18
image_0497.jpg,19,0,19
image_0496.jpg,19,0,19
image_0503.jpg,19,0,19
image_0502.jpg,16,0,16
image_0501.jpg,20,0,20
image_0500.jpg,18,0,18
image_0499.jpg,18,0,18
image_0509.jpg,18,0,18
image_0508.jpg,19,0,19
image_0507.jpg,17,0,17
image_0506.jpg,17,0,17
image_0505.jpg,16,0,16
image_0513.jpg,15,0,15
image_0512.jpg,18,0,18
image_0511.jpg,18,0,18
image_0516.jpg,17,0,17
image_0515.jpg,18,0,18
image_0519.jpg,17,0,17
image_0518.jpg,16,0,16
image_0517.jpg,19,0,19
image_0514.jpg,19,0,19
image_0510.jpg,19,0,19
image_0504.jpg,19,0,19
image_0498.jpg,20,0,20
image_0522.jpg,20,0,20
image_0521.jpg,17,0,17
image_0525.jpg,19,0,19
image_0524.jpg,20,0,20
image_0523.jpg,16,0,16
image_0520.jpg,20,0,20
image_0527.jpg,17,0,17
image_0526.jpg,19,0,19
image_0533.jpg,18,0,18
image_0532.jpg,19,0,19
image_0531.jpg,20,0,20
image_0530.jpg,19,0,19
image_0529.jpg,18,0,18
image_0539.jpg,20,0,20
image_0538.jpg,15,0,15
image_0537.jpg,19,0,19
image_0536.jpg,19,0,19
image_0535.jpg,20,0,20
image_0543.jpg,19,0,19
image_0542.jpg,15,0,15
image_0541.jpg,19,0,19
image_0540.jpg,17,0,17
image_0534.jpg,20,0,20
image_0528.jpg,19,0,19
image_0547.jpg,20,0,20
image_0546.jpg,20,0,20
image_0545.jpg,20,0,20
image_0551.jpg,20,0,20
image_0550.jpg,20,0,20
image_0549.jpg,20,0,20
image_0554.jpg,17,0,17
image_0553.jpg,18,0,18
image_0557.jpg,18,0,18
image_0556.jpg,15,0,15
image_0555.jpg,18,0,18
image_0552.jpg,17,0,17
image_0548.jpg,20,0,20
image_0544.jpg,19,0,19
image_0562.jpg,16,0,16
image_0561.jpg,20,0,20
image_0560.jpg,20,0,20
image_0559.jpg,20,0,20
image_0568.jpg,19,0,19
image_0567.jpg,19,0,19
image_0566.jpg,16,0,16
image_0565.jpg,18,0,18
image_0564.jpg,17,0,17
image_0572.jpg,17,0,17
image_0571.jpg,18,0,18
image_0570.jpg,20,0,20
image_0575.jpg,16,0,16
image_0574.jpg,19,0,19
image_0578.jpg,17,0,17
image_0577.jpg,20,0,20
image_0576.jpg,17,0,17
image_0573.jpg,20,0,20
image_0569.jpg,20,0,20
image_0563.jpg,16,0,16
image_0558.jpg,17,0,17
image_0582.jpg,19,0,19
image_0581.jpg,18,0,18
image_0580.jpg,20,0,20
image_0585.jpg,17,0,17
image_0584.jpg,16,0,16
image_0583.jpg,18,0,18
image_0579.jpg,17,0,17
image_0588.jpg,17,0,17
image_0587.jpg,16,0,16
image_0591.jpg,19,0,19
image_0590.jpg,17,0,17
image_0589.jpg,20,0,20
image_0586.jpg,20,0,20
image_0593.jpg,19,0,19
image_0592.jpg,18,0,18
image_0600.jpg,19,0,19
image_0599.jpg,17,0,17
image_0598.jpg,16,0,16
image_0597.jpg,17,0,17
image_0596.jpg,19,0,19
image_0595.jpg,14,0,14
image_0606.jpg,18,0,18
image_0605.jpg,19,0,19
image_0604.jpg,17,0,17
image_0603.jpg,19,0,19
image_0602.jpg,20,0,20
image_0612.jpg,18,0,18
image_0611.jpg,16,0,16
image_0610.jpg,18,0,18
image_0609.jpg,20,0,20
image_0608.jpg,18,0,18
image_0616.jpg,20,0,20
image_0615.jpg,20,0,20
image_0614.jpg,18,0,18
image_0619.jpg,19,0,19
image_0618.jpg,19,0,19
image_0621.jpg,18,0,18
image_0620.jpg,20,0,20
image_0617.jpg,20,0,20
image_0613.jpg,18,0,18
image_0607.jpg,20,0,20
image_0601.jpg,18,0,18
image_0594.jpg,19,0,19
image_0624.jpg,19,0,19
image_0623.jpg,17,0,17
image_0626.jpg,19,0,19
image_0625.jpg,18,0,18
image_0622.jpg,19,0,19
image_0628.jpg,16,0,16
image_0627.jpg,19,0,19
image_0635.jpg,17,0,17
image_0634.jpg,19,0,19
image_0633.jpg,18,0,18
image_0632.jpg,17,0,17
image_0631.jpg,18,0,18
image_0630.jpg,20,0,20
image_0641.jpg,19,0,19
image_0640.jpg,20,0,20
image_0639.jpg,16,0,16
image_0638.jpg,16,0,16
image_0637.jpg,19,0,19
image_0645.jpg,20,0,20
image_0644.jpg,18,0,18
image_0643.jpg,17,0,17
image_0649.jpg,20,0,20
image_0648.jpg,18,0,18
image_0647.jpg,19,0,19
image_0652.jpg,18,0,18
image_0651.jpg,17,0,17
image_0655.jpg,17,0,17
image_0654.jpg,19,0,19
image_0653.jpg,18,0,18
image_0650.jpg,19,0,19
image_0646.jpg,17,0,17
image_0642.jpg,19,0,19
image_0636.jpg,20,0,20
image_0629.jpg,19,0,19
image_0661.jpg,15,0,15
image_0660.jpg,19,0,19
image_0659.jpg,20,0,20
image_0658.jpg,15,0,15
image_0657.jpg,19,0,19
image_0666.jpg,20,0,20
image_0665.jpg,18,0,18
image_0664.jpg,18,0,18
image_0663.jpg,20,0,20
image_0670.jpg,19,0,19
image_0669.jpg,17,0,17
image_0668.jpg,20,0,20
image_0673.jpg,18,0,18
image_0672.jpg,20,0,20
image_0671.jpg,18,0,18
image_0667.jpg,19,0,19
image_0662.jpg,17,0,17
image_0656.jpg,20,0,20
image_0677.jpg,19,0,19
image_0676.jpg,20,0,20
image_0675.jpg,17,0,17
image_0681.jpg,18,0,18
image_0680.jpg,20,0,20
image_0679.jpg,16,0,16
image_0684.jpg,18,0,18
image_0683.jpg,18,0,18
image_0682.jpg,17,0,17
image_0678.jpg,14,0,14
image_0674.jpg,20,0,20
image_0687.jpg,18,0,18
image_0686.jpg,18,0,18
image_0689.jpg,18,0,18
image_0688.jpg,20,0,20
image_0685.jpg,18,0,18
image_0692.jpg,16,0,16
image_0691.jpg,18,0,18
image_0694.jpg,18,0,18
image_0693.jpg,16,0,16
image_0690.jpg,19,0,19
image_0696.jpg,17,0,17
image_0695.jpg,15,0,15
image_0705.jpg,15,0,15
image_0704.jpg,17,0,17
image_0703.jpg,18,0,18
image_0702.jpg,16,0,16
image_0701.jpg,18,0,18
image_0700.jpg,17,0,17
image_0699.jpg,16,0,16
image_0698.jpg,16,0,16
image_0714.jpg,20,0,20
image_0713.jpg,18,0,18
image_0712.jpg,19,0,19
image_0711.jpg,17,0,17
image_0710.jpg,18,0,18
image_0709.jpg,20,0,20
image_0708.jpg,20,0,20
image_0707.jpg,17,0,17
image_0721.jpg,20,0,20
image_0720.jpg,18,0,18
image_0719.jpg,19,0,19
image_0718.jpg,17,0,17
image_0717.jpg,19,0,19
image_0716.jpg,19,0,19
image_0726.jpg,20,0,20
image_0725.jpg,16,0,16
image_0724.jpg,20,0,20
image_0723.jpg,20,0,20
image_0731.jpg,18,0,18
image_0730.jpg,18,0,18
image_0729.jpg,18,0,18
image_0728.jpg,18,0,18
image_0734.jpg,17,0,17
image_0733.jpg,20,0,20
image_0732.jpg,18,0,18
image_0727.jpg,17,0,17
image_0722.jpg,18,0,18
image_0715.jpg,20,0,20
image_0706.jpg,18,0,18
image_0697.jpg,19,0,19
image_0739.jpg,17,0,17
image_0738.jpg,19,0,19
image_0737.jpg,12,0,12
image_0736.jpg,20,0,20
image_0744.jpg,20,0,20
image_0743.jpg,20,0,20
image_0742.jpg,20,0,20
image_0741.jpg,17,0,17
image_0747.jpg,17,0,17
image_0746.jpg,20,0,20
image_0745.jpg,16,0,16
image_0740.jpg,16,0,16
image_0735.jpg,16,0,16
image_0756.jpg,19,0,19
image_0755.jpg,17,0,17
image_0754.jpg,18,0,18
image_0753.jpg,17,0,17
image_0752.jpg,19,0,19
image_0751.jpg,18,0,18
image_0750.jpg,20,0,20
image_0749.jpg,20,0,20
image_0765.jpg,19,0,19
image_0764.jpg,20,0,20
image_0763.jpg,17,0,17
image_0762.jpg,18,0,18
image_0761.jpg,19,0,19
image_0760.jpg,19,0,19
image_0759.jpg,20,0,20
image_0758.jpg,17,0,17
image_0772.jpg,18,0,18
image_0771.jpg,18,0,18
image_0770.jpg,14,0,14
image_0769.jpg,20,0,20
image_0768.jpg,17,0,17
image_0767.jpg,19,0,19
image_0777.jpg,17,0,17
image_0776.jpg,19,0,19
image_0775.jpg,14,0,14
image_0774.jpg,20,0,20
image_0781.jpg,19,0,19
image_0780.jpg,20,0,20
image_0779.jpg,20,0,20
image_0785.jpg,18,0,18
image_0784.jpg,18,0,18
image_0783.jpg,20,0,20
image_0788.jpg,18,0,18
image_0787.jpg,19,0,19
image_0786.jpg,20,0,20
image_0782.jpg,19,0,19
image_0778.jpg,20,0,20
image_0773.jpg,19,0,19
image_0766.jpg,17,0,17
image_0757.jpg,19,0,19
image_0748.jpg,18,0,18
image_0792.jpg,20,0,20
image_0791.jpg,17,0,17
image_0790.jpg,20,0,20
image_0789.jpg,19,0,19
image_0795.jpg,20,0,20
image_0794.jpg,17,0,17
image_0793.jpg,18,0,18
image_0796.jpg,20,0,20
image_0797.jpg,18,0,18
image_0798.jpg,19,0,19
image_0799.jpg,10,0,10
image_0800.jpg,10,0,10
58897,2241,56656